[gd_scene load_steps=11 format=2]

[ext_resource path="res://shared_material_manager/money_material_getter.gd" type="Script" id=1]
[ext_resource path="res://imported_meshes/money_stack/money_stack.tscn" type="PackedScene" id=2]
[ext_resource path="res://materials/mat_table.tres" type="Material" id=3]
[ext_resource path="res://imported_meshes/money_stack/mesh_money_stack.tres" type="ArrayMesh" id=8]
[ext_resource path="res://Textures/godot_icon_color.png" type="Texture" id=10]

[sub_resource type="CubeMesh" id=1]
size = Vector3( 2, 0.2, 2 )

[sub_resource type="Environment" id=2]
background_mode = 1
tonemap_mode = 3
tonemap_exposure = 1.2
tonemap_white = 0.5
ssao_intensity = 5.0
ssao_light_affect = 0.1
ssao_color = Color( 0.14902, 0.137255, 0.121569, 1 )
dof_blur_far_distance = 0.01
dof_blur_far_amount = 0.36
dof_blur_near_distance = 0.8
dof_blur_near_transition = 0.2
glow_enabled = true
glow_intensity = 1.5
glow_bloom = 0.2
glow_hdr_threshold = 0.5
glow_hdr_scale = 0.2
adjustment_enabled = true
adjustment_brightness = 1.1
adjustment_saturation = 0.9

[sub_resource type="MultiMesh" id=3]
transform_format = 1
instance_count = 256
mesh = ExtResource( 8 )
transform_array = PoolVector3Array( 0.989033, 0.142139, -0.0401256, -0.132763, 0.974643, 0.180123, 0.0647106, -0.172821, 0.982825, 0.3258, 0, 0.613924, -0.683576, -0.096768, 0.723436, -0.123278, 0.992239, 0.0162375, -0.719393, -0.0780844, -0.690201, -0.87075, 0, 0.164608, 0.865597, -0.173708, 0.469646, 0.222344, 0.973703, -0.049654, -0.44867, 0.147403, 0.881457, 0.6212, 0, -0.888266, -0.28619, 0.174787, 0.942096, 0.219195, 0.969091, -0.113208, -0.932764, 0.174103, -0.315657, -0.319833, 0, 0.389245, -0.886443, 0.00996756, 0.462731, -0.0622772, 0.988108, -0.140588, -0.458629, -0.15344, -0.87528, -0.509017, 0, -0.787399, 0.772854, 0.101434, 0.626425, -0.0203636, 0.990598, -0.13528, -0.634258, 0.091795, 0.767653, -0.739231, 0, 0.568827, 0.951468, -0.216043, -0.219168, 0.218327, 0.975775, -0.0140459, 0.216893, -0.034486, 0.975586, -0.807171, 0, 0.923739, -0.888716, 0.175443, -0.42356, 0.144111, 0.983955, 0.10519, 0.435219, 0.0324444, -0.89974, -0.598757, 0, 0.814837, 0.225056, -0.110301, -0.968083, -0.0338966, 0.992084, -0.120916, 0.973756, 0.0600274, 0.219535, 0.33299, 0, -0.361314, -0.747767, -0.102714, 0.655969, -0.147043, 0.989048, -0.0127518, -0.647475, -0.105991, -0.75468, -0.891412, 0, 0.478339, -0.317438, -0.23271, 0.919282, -0.226205, 0.960019, 0.164912, -0.920904, -0.155597, -0.357387, 0.86066, 0, -0.978717, -0.574217, -0.153038, 0.804272, -0.0365814, 0.986189, 0.161536, -0.817885, 0.0633355, -0.571885, 0.26066, 0, 0.494385, -0.785559, -0.0805861, -0.613517, -0.150874, 0.986505, 0.0636032, 0.600112, 0.142528, -0.787116, -0.715878, 0, -0.362138, 0.55838, -0.00474474, 0.829572, -0.147699, 0.983439, 0.10504, -0.816332, -0.181179, 0.548431, -0.702871, 0, 0.450987, 0.247821, -0.0256018, 0.968468, 0.104278, 0.994548, -0.000392515, -0.963178, 0.101087, 0.24914, 0.340292, 0, 0.352797, 0.908419, 0.232594, 0.347382, -0.235571, 0.971252, -0.034285, -0.34537, -0.0506881, 0.937097, 0.522739, 0, -0.0612463, -0.716483, 0.00736808, -0.697565, 0.13291, 0.98307, -0.126131, 0.684826, -0.183084, -0.705332, -0.999223, 0, -0.0233826, -0.379227, -0.17586, 0.908438, 0.125028, 0.963031, 0.238621, -0.916818, 0.204072, -0.343219, -0.93918, 0, 0.872494, -0.633835, -0.105631, -0.766221, -0.211449, 0.976558, 0.040287, 0.744004, 0.187552, -0.641312, -0.0887101, 0, 0.941391, 0.788982, -0.11067, -0.604367, -0.0522044, 0.968013, -0.245411, 0.612195, 0.225175, 0.757967, -0.6757, 0, 0.921168, 0.708794, 0.14149, 0.69108, -0.00577461, 0.980809, -0.194886, -0.705392, 0.134143, 0.696009, -0.28011, 0, 0.498821, 0.498224, -0.210552, -0.841095, 0.114882, 0.977545, -0.176658, 0.859404, -0.0086115, 0.511225, 0.952291, 0, 0.792352, 0.569182, 0.102203, -0.815835, 0.096419, 0.977101, 0.189674, 0.816539, -0.186621, 0.546294, 0.973493, 0, -0.426795, -0.4131, 0.0140829, 0.910577, 0.018894, 0.999798, -0.00689119, -0.91049, 0.0143577, -0.413282, 0.620539, 0, -0.451564, -0.188869, -0.166389, -0.967803, -0.104976, 0.983314, -0.148569, 0.976375, 0.0735362, -0.203184, -0.27675, 0, 0.70673, -0.18511, 0.301074, -0.935462, 0.169122, 0.94747, 0.271473, 0.968056, -0.107954, -0.226305, 0.250639, 0, -0.406698, -0.928136, 0.118585, -0.352846, 0.0374834, 0.972855, 0.228361, 0.370348, 0.198724, -0.907387, 0.442771, 0, 0.825754, -0.578262, -0.0324464, -0.815206, -0.148504, 0.986702, 0.0660684, 0.802222, 0.159266, -0.575391, -0.901885, 0, 0.984551, 0.725738, 0.132047, -0.67518, 0.0497673, 0.96876, 0.242957, 0.686169, -0.209925, 0.696494, 0.435211, 0, 0.78823, 0.943778, -0.169788, 0.283645, 0.107482, 0.969009, 0.222415, -0.312618, -0.179423, 0.932779, 0.875699, 0, 0.577896, 0.465994, 0.151176, -0.871777, -0.0342427, 0.987638, 0.152964, 0.884125, -0.0414281, 0.46541, 0.927834, 0, -0.946477, 0.486291, 0.108708, -0.867008, -0.082173, 0.993523, 0.0784809, 0.869924, 0.03308, 0.492075, 0.907763, 0, -0.614063, 0.714836, 0.129507, -0.687196, -0.0553256, 0.990095, 0.129039, 0.6971, -0.0542222, 0.71492, 0.922245, 0, 0.178593, -0.986353, 0.0661275, -0.150779, 0.0946827, 0.977035, -0.190886, 0.134694, -0.202557, -0.969963, -0.0643571, 0, 0.732935, -0.896948, -0.104492, -0.429611, -0.0361527, 0.985751, -0.164279, 0.440655, -0.131818, -0.887945, 0.148473, 0, 0.823548, -0.999426, -0.0264533, -0.0211437, -0.0188016, 0.952725, -0.303252, 0.0281662, -0.30268, -0.952676, -0.250434, 0, -0.493846, -0.97579, -0.212492, -0.051781, -0.206351, 0.972933, -0.104018, 0.0724825, -0.090815, -0.993227, -0.96806, 0, 0.83347, 0.569862, -0.164948, 0.805015, 0.150333, 0.98404, 0.0952111, -0.807872, 0.0667632, 0.585564, 0.487307, 0, 0.0873152, -0.112109, -0.0828498, -0.990236, -0.182178, 0.981342, -0.0614805, 0.976854, 0.173507, -0.12511, -0.700674, 0, 0.915925, 0.235981, -0.135317, 0.96229, -0.135322, 0.976033, 0.170434, -0.962289, -0.170438, 0.212014, -0.112391, 0, -0.672374, 0.859165, -0.0930483, 0.503167, -0.0160678, 0.977937, 0.208281, -0.511446, -0.187033, 0.838715, 0.854586, 0, 0.796596, 0.169184, 0.181132, 0.968797, 0.17538, 0.961747, -0.210441, -0.969855, 0.205511, 0.130945, -0.0767005, 0, -0.673874, 0.92163, 0.0081515, -0.387985, -0.0291871, 0.998404, -0.0483556, 0.386971, 0.0558901, 0.920397, 0.621317, 0, 0.859121, 0.0737459, -0.20469, 0.976045, 0.148128, 0.970102, 0.192252, -0.986215, 0.130401, 0.101861, -0.126775, 0, -0.665383, 0.836322, -0.113612, 0.536338, 0.133492, 0.991048, 0.00177712, -0.531739, 0.0701106, 0.844001, 0.203935, 0, 0.533471, -0.608228, -0.112328, 0.785774, -0.182984, 0.983115, -0.00110059, -0.772383, -0.144453, -0.618513, 0.484545, 0, -0.23671, 0.969545, -0.16353, -0.182318, 0.139056, 0.98036, -0.139852, 0.201607, 0.110241, 0.973243, 0.201604, 0, 0.590354, -0.244249, -0.0930039, -0.965242, 0.13281, 0.982802, -0.128303, 0.960575, -0.159532, -0.227696, -0.711139, 0, -0.238959, -0.497866, -0.0925004, -0.862307, -0.0327528, 0.995592, -0.0878877, 0.866635, -0.0155133, -0.498701, -0.206844, 0, 0.72735, -0.98136, -0.118429, -0.151351, -0.140471, 0.979503, 0.14437, 0.131151, 0.162939, -0.977881, -0.275587, 0, -0.567642, 0.441178, 0.0810902, 0.893748, 0.0203535, 0.994749, -0.100301, -0.897189, 0.0624416, 0.437211, 0.537928, 0, -0.321519, 0.927285, 0.0202334, -0.373809, -0.070447, 0.99013, -0.12116, 0.367668, 0.138684, 0.919558, 0.927714, 0, -0.0487805, 0.603718, 0.242869, -0.759302, -0.104468, 0.968352, 0.226673, 0.790323, -0.0575233, 0.609984, -0.285976, 0, -0.544963, 0.682534, -0.17402, -0.709834, 0.148733, 0.983988, -0.0982176, 0.71556, -0.0385389, 0.697487, -0.39425, 0, -0.603721, 0.370656, -0.0819539, 0.925147, 0.277509, 0.960368, -0.0261089, -0.886342, 0.266414, 0.378709, -0.473742, 0, -0.0648962, 0.563717, -0.111243, 0.818442, 0.127098, 0.99077, 0.0471248, -0.81613, 0.0774576, 0.572653, 0.0591313, 0, -0.927253, 0.98958, -0.0808213, -0.119164, 0.0818923, 0.996633, 0.00411014, 0.11843, -0.0138259, 0.992866, 0.86054, 0, 0.0602899, 0.350591, -0.213375, 0.911897, -0.019744, 0.971799, 0.234982, -0.93632, -0.100387, 0.336491, -0.885959, 0, 0.872293, 0.937059, -0.040052, 0.346866, -0.011923, 0.98915, 0.146425, -0.348967, -0.141345, 0.926414, 0.155271, 0, -0.671657, -0.646892, 0.167004, -0.74407, 0.159633, 0.983763, 0.0820183, 0.745686, -0.0657209, -0.663048, -0.510888, 0, 0.0591698, 0.722056, -0.236764, -0.65006, 0.054994, 0.956287, -0.287213, 0.689646, 0.171634, 0.703513, -0.0347749, 0, 0.874445, 0.39813, -0.0940501, 0.912495, 0.208438, 0.977986, 0.00985671, -0.893334, 0.186275, 0.408969, -0.324325, 0, -0.766494, 0.781283, -0.0405921, -0.622855, 0.0273835, 0.999151, -0.030767, 0.623576, 0.00698179, 0.781732, 0.554926, 0, 0.478708, 0.496722, -0.162224, -0.852614, 0.127606, 0.985351, -0.113138, 0.858478, -0.0526012, 0.510146, 0.609278, 0, -0.767248, 0.774591, 0.0231034, -0.63204, 0.0376546, 0.995875, 0.0825502, 0.631341, -0.0877418, 0.770526, -0.0991009, 0, 0.703326, 0.853193, 0.138478, 0.502877, -0.081731, 0.987698, -0.133316, -0.515152, 0.0726437, 0.854015, -0.96531, 0, 0.951213, 0.497566, 0.0134769, -0.867321, -0.159832, 0.984183, -0.0763996, 0.852574, 0.176639, 0.49185, 0.940649, 0, -0.714052, 0.158468, -0.0642491, 0.985271, 0.198056, 0.979667, 0.0320289, -0.967296, 0.190063, 0.167971, 0.19304, 0, 0.544076, -0.194586, -0.00427564, -0.980876, 0.0310896, 0.999461, -0.0105242, 0.980393, -0.0325429, -0.194348, -0.0534971, 0, 0.585131, 0.432443, 0.00732026, 0.901632, 0.170236, 0.98132, -0.0896161, -0.885445, 0.192244, 0.423119, 0.703559, 0, 0.144058, 0.787027, 0.211244, 0.579625, -0.259459, 0.965754, 0.000330366, -0.559705, -0.150649, 0.814883, 0.828236, 0, 0.526497, -0.45489, -0.201304, 0.867498, 0.097362, 0.957036, 0.273136, -0.88521, 0.208708, -0.415746, 0.281223, 0, -0.764644, 0.960829, -0.00247151, 0.27713, 0.00410503, 0.999977, -0.0053144, -0.27711, 0.00624386, 0.960818, 0.754513, 0, -0.162812, -0.978644, 0.0627915, -0.195735, 0.0238999, 0.980503, 0.195047, 0.204166, 0.186204, -0.961064, -0.424263, 0, 0.894899, 0.0186303, -0.0761874, -0.996919, 0.226408, 0.971513, -0.0700147, 0.973854, -0.224407, 0.0353491, -0.756674, 0, -0.801421, -0.980298, 0.0504348, 0.190975, 0.0579891, 0.997732, 0.0341725, -0.188819, 0.0445737, -0.981, 0.810796, 0, -0.97604, -0.721088, 0.0951046, -0.686285, 0.226166, 0.968584, -0.10341, 0.65489, -0.229782, -0.719944, -0.864271, 0, 0.542609, 0.826146, -0.0859048, 0.55687, 0.0100388, 0.990397, 0.137889, -0.563367, -0.108326, 0.819074, -0.51153, 0, -0.45883, -0.605367, 0.242493, 0.758108, 0.152999, 0.970151, -0.188145, -0.781103, 0.00209262, -0.624399, 0.386442, 0, 0.613247, 0.64345, -0.102544, -0.758589, -0.118039, 0.965843, -0.230683, 0.756333, 0.237976, 0.609367, -0.596122, 0, -0.261908, -0.741152, -0.0512284, -0.66938, 0.0642687, 0.987091, -0.146703, 0.668254, -0.151749, -0.728292, 0.579156, 0, 0.892924, -0.361549, -0.136497, 0.922307, -0.0974257, 0.989341, 0.108227, -0.927249, -0.0507272, -0.370993, 0.573914, 0, 0.471694, 0.74668, 0.099533, 0.657695, 0.00107425, 0.98856, -0.150825, -0.665182, 0.113324, 0.738031, -0.494957, 0, -0.836014, 0.569563, -0.231102, -0.78879, 0.184422, 0.971123, -0.151357, 0.800991, -0.0592627, 0.595736, -0.284217, 0, 0.780465, -0.913965, 0.17043, -0.368268, 0.184436, 0.98284, -0.00288411, 0.361457, -0.0705578, -0.929715, -0.789246, 0, 0.562016, 0.661319, 0.0895758, -0.744737, -0.158425, 0.987127, -0.0219499, 0.733184, 0.132501, 0.666997, 0.267193, 0, 0.892312, -0.710801, 0.229986, -0.664732, 0.137295, 0.972222, 0.189562, 0.689864, 0.0434762, -0.722632, -0.110845, 0, -0.493692, 0.729481, -0.120999, -0.673214, 0.00558288, 0.98525, -0.171032, 0.683979, 0.121006, 0.719396, 0.941231, 0, -0.691158, -0.104597, -0.199539, -0.974291, -0.131082, 0.973884, -0.185383, 0.985838, 0.108322, -0.128021, -0.30142, 0, 0.856377, 0.520091, -0.0664867, -0.851519, -0.206342, 0.957654, -0.200803, 0.828812, 0.28014, 0.484348, -0.410244, 0, -0.512532, 0.619367, 0.120693, 0.775769, -0.10451, 0.991994, -0.0708928, -0.778115, -0.0371668, 0.627021, 0.388115, 0, 0.325527, -0.14699, -0.0378152, 0.988415, 0.0674286, 0.996561, 0.0481543, -0.986837, 0.0737256, -0.143934, 0.557739, 0, -0.375826, 0.200044, 0.166145, -0.965597, -0.243374, 0.963057, 0.115288, 0.949079, 0.211938, 0.233089, 0.211134, 0, -0.489913, 0.987798, -0.0751453, 0.136413, 0.0625308, 0.993557, 0.0945173, -0.142637, -0.084834, 0.986133, 0.370622, 0, 0.663312, 0.993877, -0.0702741, -0.0852618, 0.0670761, 0.996953, -0.0398137, 0.0877999, 0.0338509, 0.995563, 0.760264, 0, -0.223266, 0.66104, 0.274409, -0.698374, -0.243118, 0.958849, 0.146635, 0.709873, 0.0728561, 0.700551, -0.723697, 0, -0.522219, -0.624012, 0.0314543, 0.780781, -0.0351028, 0.997052, -0.0682217, -0.780626, -0.0699788, -0.621069, -0.819693, 0, 0.580073, -0.279329, -0.292286, -0.914628, -0.1029, 0.95617, -0.274135, 0.954666, 0.0175414, -0.297162, -0.206149, 0, -0.579922, -0.0877355, 0.132746, -0.987259, -0.23411, 0.960575, 0.149963, 0.968243, 0.244285, -0.0531993, -0.417931, 0, 0.712642, -0.689792, 0.11414, 0.714954, 0.0653805, 0.993281, -0.0954944, -0.72105, -0.0191272, -0.692619, -0.860392, 0, 0.0800664, 0.341474, -0.247102, -0.906828, 0.0905612, 0.968983, -0.229937, 0.935518, -0.00360604, 0.35326, 0.497534, 0, -0.573702, 0.103738, 0.0667475, -0.992362, 0.233258, 0.968286, 0.0895121, 0.966865, -0.240763, 0.0848789, -0.61129, 0, 0.911745, 0.836943, 0.0103294, 0.547192, -0.0154145, 0.99987, 0.00470211, -0.547073, -0.0123701, 0.836994, 0.397747, 0, -0.698976, 0.918096, -0.0812946, -0.387932, 0.0275048, 0.989448, -0.142254, 0.395403, 0.119933, 0.910644, -0.699453, 0, -0.459834, -0.515896, -0.167388, -0.840139, 0.0733361, 0.968494, -0.237994, 0.853507, -0.184393, -0.487366, 0.467407, 0, 0.800272, 0.716305, 0.235942, 0.656688, -0.224518, 0.968985, -0.103247, -0.660681, -0.0734824, 0.747062, 0.659464, 0, 0.271055, 0.440101, -0.235684, 0.866467, 0.0149972, 0.966735, 0.25534, -0.897823, -0.0993806, 0.428995, 0.753907, 0, 0.483301, 0.72207, -0.221971, 0.655243, 0.0140143, 0.951628, 0.306932, -0.691678, -0.212443, 0.690253, -0.727051, 0, -0.9823, 0.839711, 0.114994, 0.530719, -0.00175589, 0.977891, -0.209107, -0.543031, 0.174657, 0.821348, 0.789407, 0, 0.79161, 0.577129, -0.0796313, 0.812761, -0.0387285, 0.991446, 0.124639, -0.815734, -0.10341, 0.569109, 0.682551, 0, -0.635333, 0.643409, 0.0942758, 0.759695, -0.238121, 0.967804, 0.0815702, -0.727546, -0.233382, 0.645143, -0.658799, 0, 0.807184, 0.253242, 0.18917, 0.948727, -0.13729, 0.977797, -0.15832, -0.957612, -0.0901577, 0.27359, 0.481919, 0, -0.0586424, 0.951488, 0.227865, -0.206757, -0.253625, 0.961282, -0.107752, 0.174199, 0.154963, 0.972441, -0.134534, 0, 0.699653, 0.760424, -0.0312135, 0.648676, 0.167348, 0.97453, -0.149285, -0.627495, 0.222075, 0.74628, -0.59476, 0, -0.544018, -0.463597, -0.0455415, 0.884875, 0.138472, 0.982683, 0.123123, -0.875159, 0.17961, -0.449263, 0.736218, 0, -0.962929, 0.974708, -0.217788, 0.0501236, 0.22302, 0.96233, -0.155511, -0.0143669, 0.162757, 0.986562, 0.989433, 0, -0.245188, 0.868137, 0.0706336, -0.491274, -0.121279, 0.990006, -0.0719735, 0.48128, 0.122064, 0.868026, 0.827392, 0, 0.706384, -0.93056, 0.0402793, -0.363918, -0.0442656, 0.974263, 0.221024, 0.363454, 0.221785, -0.904827, -0.879126, 0, -0.626762, -0.21605, -0.155238, 0.963962, -0.24232, 0.964916, 0.101081, -0.945835, -0.211749, -0.246087, -0.780319, 0, -0.0633445, 0.527296, 0.126964, -0.840142, 0.0824524, 0.976461, 0.199314, 0.845671, -0.174369, 0.504416, 0.595259, 0, -0.0971538, -0.0236334, 0.175403, -0.984213, 0.00118113, 0.984492, 0.175424, 0.99972, 0.00298339, -0.0234741, 0.103016, 0, 0.863953, 0.703785, -0.191935, -0.683994, 0.200178, 0.977377, -0.0682909, 0.681627, -0.0888582, 0.726285, -0.667534, 0, 0.93296, 0.436493, 0.20112, 0.87694, 0.0702795, 0.964095, -0.25609, -0.896958, 0.173412, 0.406686, 0.0626181, 0, -0.708481, 0.958744, 0.0731883, 0.274687, -0.142625, 0.959712, 0.242097, -0.245902, -0.271286, 0.930557, -0.615373, 0, 0.494933, 0.854199, -0.190442, -0.483814, 0.066172, 0.962759, -0.262137, 0.515719, 0.191902, 0.83499, 0.862181, 0, 0.932838, -0.890237, 0.0782849, -0.44872, 0.119781, 0.990683, -0.0648018, 0.439466, -0.111437, -0.89132, -0.151619, 0, 0.649077, 0.670623, 0.0884444, -0.736507, -0.13024, 0.991482, 0.000474147, 0.730275, 0.0956045, 0.67643, -0.562685, 0, -0.715943, 0.841898, 0.0927647, 0.531603, -0.235078, 0.949775, 0.206556, -0.485742, -0.298867, 0.821421, -0.805656, 0, -0.680969, -0.922105, -0.218414, 0.319403, -0.131353, 0.953131, 0.272559, -0.363964, 0.209373, -0.907575, 0.477511, 0, -0.780341, -0.802143, 0.125374, 0.583822, -0.0287834, 0.968455, -0.24752, -0.596438, -0.215351, -0.77323, -0.941249, 0, 0.25351, 0.467086, -0.108107, -0.877578, 0.102163, 0.992449, -0.0678821, 0.87829, -0.0579493, 0.474603, 0.945832, 0, -0.54178, 0.591646, -0.0897211, 0.80119, -0.136198, 0.96838, 0.20902, -0.79461, -0.232786, 0.560719, -0.236207, 0, -0.802786, 0.902023, 0.0916705, 0.421843, -0.0514481, 0.993057, -0.10579, -0.428612, 0.0737218, 0.900476, 0.719163, 0, 0.512799, -0.997133, 0.0259181, -0.0710922, 0.0257625, 0.999663, 0.00310471, 0.0711487, 0.0012643, -0.997465, 0.477175, 0, -0.39715, 0.911449, 0.090523, -0.40133, -0.17493, 0.968192, -0.178896, 0.372371, 0.233259, 0.898293, 0.172019, 0, 0.719804, 0.840687, -0.150184, 0.520278, 0.205192, 0.977474, -0.0493997, -0.50114, 0.148287, 0.852567, -0.263232, 0, -0.981672, 0.0756023, 0.0195444, -0.996947, 0.237315, 0.970727, 0.0370269, 0.968486, -0.23939, 0.068751, 0.0427751, 0, 0.587843, 0.821924, -0.063916, 0.566, 0.163113, 0.978481, -0.12637, -0.545743, 0.196188, 0.814662, 0.439896, 0, 0.197407, 0.176914, 0.115637, -0.97741, 0.0620401, 0.989789, 0.128331, 0.982269, -0.0833421, 0.167933, -0.240248, 0, 0.719629, -0.0650255, 0.0311818, -0.997396, -0.175403, 0.983593, 0.0421857, 0.982347, 0.177689, -0.0584893, -0.0399575, 0, 0.66391, -0.249669, 0.0410607, -0.96746, 0.122647, 0.992395, 0.0104679, 0.960533, -0.116042, -0.252807, -0.462715, 0, -0.619434, 0.502644, 0.00446645, -0.864482, 0.041253, 0.998724, 0.0291462, 0.863509, -0.0503126, 0.501818, 0.876974, 0, -0.636864, 0.986821, -0.0725894, 0.144622, 0.0918678, 0.98706, -0.131425, -0.133211, 0.142979, 0.98072, -0.52588, 0, -0.21972, 0.875846, 0.144853, -0.460339, -0.182294, 0.982522, -0.0376677, 0.446837, 0.116908, 0.886944, 0.631542, 0, -0.197951, -0.975359, -0.21546, -0.0474456, -0.216026, 0.976362, 0.00707798, 0.0447991, 0.0171531, -0.998849, -0.75956, 0, -0.0664101, -0.993877, 0.0974756, 0.052023, 0.0944268, 0.993832, -0.0581593, -0.0573713, -0.0528908, -0.996951, -0.884346, 0, -0.91601, -0.971769, -0.052991, 0.229906, -0.0463413, 0.998339, 0.034231, -0.231338, 0.0226105, -0.972611, -0.857108, 0, 0.0630747, 0.260611, 0.0814389, -0.962003, 0.191638, 0.972245, 0.134222, 0.946233, -0.219336, 0.237771, -0.157314, 0, 0.754422, -0.100307, 0.0866368, 0.991177, -0.182909, 0.977618, -0.103962, -0.977999, -0.191724, -0.0822147, 0.401106, 0, -0.707768, -0.95833, -0.149967, -0.243134, -0.127255, 0.986118, -0.106661, 0.255755, -0.0712765, -0.964111, 0.506938, 0, -0.458374, -0.61402, 0.219003, -0.758298, -0.0580589, 0.9456, 0.32011, 0.787152, 0.24058, -0.567903, -0.314105, 0, 0.978934, 0.501884, 0.106715, -0.858326, -0.257515, 0.965793, -0.0304994, 0.825711, 0.236339, 0.512197, -0.696293, 0, 0.991098, 0.285742, -0.0624203, -0.956272, 0.214695, 0.976681, 0.000400219, 0.933947, -0.205421, 0.29248, 0.930228, 0, -0.457963, 0.645046, 0.136373, 0.751876, -0.162646, 0.985902, -0.0392837, -0.746634, -0.0969497, 0.658133, -0.286132, 0, 0.547171, 0.409664, 0.05122, -0.910797, 0.1307, 0.984826, 0.11417, 0.902825, -0.165813, 0.396753, 0.575333, 0, -0.0924351, 0.68517, -0.196709, -0.701318, 0.046473, 0.972687, -0.227421, 0.726899, 0.12323, 0.675598, 0.806327, 0, 0.656741, 0.399134, -0.227679, -0.888174, 0.0455012, 0.972404, -0.228823, 0.915763, 0.0509183, 0.39848, 0.919501, 0, 0.651346, -0.978925, 0.196791, 0.0545803, 0.196353, 0.980443, -0.0133122, -0.0561325, -0.00231461, -0.998421, -0.871628, 0, -0.0239734, -0.515765, -0.0636714, -0.854361, -0.238417, 0.968509, 0.0717504, 0.822887, 0.2407, -0.514703, 0.498363, 0, 0.941199, -0.966539, 0.0939694, 0.238689, 0.0991067, 0.995031, 0.0095862, -0.236602, 0.0329211, -0.971049, -0.942972, 0, 0.0258732, 0.410136, 0.0577452, 0.910195, 0.015362, 0.997415, -0.0702008, -0.911895, 0.0427743, 0.408188, -0.638382, 0, -0.401529, 0.862284, -0.107567, 0.494869, -0.00569661, 0.97506, 0.221869, -0.506393, -0.194133, 0.840166, 0.306904, 0, -0.95864, -0.620472, -0.139584, -0.771706, -0.177664, 0.983467, -0.0350408, 0.763839, 0.115362, -0.635013, -0.803308, 0, -0.233576, 0.306835, -0.163528, 0.937609, -0.158283, 0.962643, 0.219693, -0.938509, -0.215817, 0.269489, 0.694378, 0, 0.0208897, 0.42777, 0.162692, -0.889126, -0.246295, 0.967426, 0.0585235, 0.869685, 0.193952, 0.453906, 0.649728, 0, 0.968727, -0.169218, -0.00801658, -0.985546, 0.267997, 0.961914, -0.0538393, 0.948442, -0.273234, -0.160625, -0.379413, 0, -0.330737, -0.242837, 0.144174, 0.959293, 0.193108, 0.976287, -0.0978439, -0.950652, 0.161487, -0.26492, -0.757215, 0, -0.178946, -0.237946, 0.0892571, 0.967168, 0.218084, 0.975253, -0.0363494, -0.946478, 0.202274, -0.251523, 0.767569, 0, -0.68767, 0.718092, -0.12999, -0.683701, 0.110978, 0.991219, -0.0718977, 0.687043, -0.0242464, 0.726212, -0.0214837, 0, 0.520666, 0.444616, -0.18584, 0.87623, 0.270789, 0.960354, 0.0662779, -0.853809, 0.207805, 0.477313, -0.719033, 0, -0.975379, 0.573138, -0.0912249, -0.814365, 0.252523, 0.965083, 0.0696139, 0.77958, -0.245545, 0.576163, -0.97727, 0, -0.968613, 0.220252, -0.128741, 0.96691, -0.0407305, 0.989174, 0.140984, -0.974592, -0.0704347, 0.212624, 0.579231, 0, 0.0719853, 0.119726, -0.0844437, 0.989209, -0.284506, 0.95167, 0.115673, -0.951169, -0.295285, 0.0899146, 0.243989, 0, 0.569855, -0.965684, -0.149817, -0.212156, -0.129314, 0.98576, -0.107498, 0.22524, -0.0763746, -0.971305, -0.737556, 0, -0.0648427, -0.992845, -0.0538202, 0.106594, -0.0315279, 0.979142, 0.200717, -0.115173, 0.19592, -0.973833, -0.752486, 0, -0.335562, 0.953151, -0.107689, -0.282676, 0.0531861, 0.979589, -0.193849, 0.297782, 0.169733, 0.939424, 0.086433, 0, 0.820087, -0.803342, -0.214342, 0.555607, -0.226286, 0.972871, 0.0481315, -0.550851, -0.0870604, -0.830051, 0.00287455, 0, -0.849799, 0.41413, 0.218144, 0.883691, -0.237514, 0.963119, -0.126444, -0.878683, -0.157525, 0.450669, -0.296248, 0, -0.915285, -0.0260155, 0.107893, 0.993822, 0.204522, 0.973704, -0.100355, -0.978516, 0.200647, -0.0473979, 0.378408, 0, 0.454808, 0.990452, 0.0565719, -0.125714, -0.0264543, 0.972969, 0.229417, 0.135294, -0.223901, 0.965176, 0.954112, 0, 0.718087, -0.0834257, 0.217809, 0.972419, -0.107611, 0.968146, -0.226084, -0.990687, -0.123504, -0.0573296, -0.758373, 0, 0.727985, 0.263117, -0.146494, 0.953577, 0.125739, 0.985181, 0.116655, -0.956535, 0.0892078, 0.277638, -0.569307, 0, 0.660722, 0.805581, 0.0269339, 0.591874, 0.12079, 0.97052, -0.208568, -0.580043, 0.239511, 0.778579, -0.474198, 0, 0.145495, -0.822614, 0.0823895, -0.5626, 0.111982, 0.993543, -0.018238, 0.557464, -0.078004, -0.826528, -0.818759, 0, 0.116992, 0.211018, -0.0111191, 0.977419, -0.0492997, 0.998542, 0.0220028, -0.976238, -0.0528294, 0.210162, 0.454181, 0, 0.648679, -0.867704, 0.153306, -0.472849, 0.110893, 0.98698, 0.116502, 0.484553, 0.0486539, -0.873408, 0.157942, 0, 0.640371, 0.946982, 0.212312, 0.241141, -0.191179, 0.975577, -0.108167, -0.258217, 0.056331, 0.964443, 0.62906, 0, -0.91716, 0.530119, 0.1656, -0.831595, 0.0768841, 0.967316, 0.241638, 0.84443, -0.192033, 0.500061, -0.807852, 0, 0.658777, 0.911929, -0.211847, 0.351435, 0.24921, 0.966322, -0.0641642, -0.326007, 0.146094, 0.934011, 0.38942, 0, -0.834233, -0.294909, 0.191273, 0.936186, 0.0523872, 0.981523, -0.184033, -0.954088, -0.00522896, -0.299481, -0.0516064, 0, -0.6189, -0.691051, 0.0639417, 0.719973, -0.0130365, 0.994815, -0.100864, -0.722689, -0.0790877, -0.686634, 0.186502, 0, -0.907493, 0.847951, 0.223858, 0.480486, -0.193288, 0.974617, -0.112964, -0.493578, 0.00291607, 0.869697, -0.360915, 0, -0.698723, -0.701722, 0.274998, -0.657239, 0.261225, 0.957568, 0.121755, 0.662833, -0.0862491, -0.743783, -0.556972, 0, -0.685001, -0.965426, -0.0476526, 0.256287, -0.026265, 0.995928, 0.0862381, -0.259353, 0.0765251, -0.962746, -0.354307, 0, 0.621593, -0.982497, 0.184786, -0.0235373, 0.172057, 0.948637, 0.265488, 0.0713867, 0.256791, -0.963827, 0.571417, 0, -0.759863, -0.702683, -0.0541981, 0.709435, 0.116203, 0.974965, 0.189581, -0.701949, 0.215654, -0.678793, -0.897675, 0, -0.510102, 0.00281087, 0.107394, -0.994212, -0.267351, 0.958107, 0.102738, 0.963595, 0.265515, 0.0314051, 0.658993, 0, -0.744872, 0.485761, 0.3007, 0.820741, -0.0923961, 0.951368, -0.293874, -0.869194, 0.0669194, 0.489921, -0.750448, 0, -0.575151, 0.274133, -0.0822141, 0.958171, 0.043088, 0.996389, 0.0731658, -0.960726, 0.0212285, 0.276685, 0.551395, 0, 0.0287238, 0.541007, 0.171149, -0.82342, -0.137618, 0.983893, 0.114085, 0.829683, 0.0515964, 0.555846, 0.642866, 0, -0.259541, -0.58126, -0.183014, 0.79287, -0.1373, 0.982467, 0.126122, -0.802051, -0.0355513, -0.596196, -0.712063, 0, 0.362091, -0.527419, -0.0221357, 0.849317, 0.107074, 0.989958, 0.0922936, -0.842831, 0.139617, -0.519752, -0.858749, 0, 0.524863, -0.999628, -0.0269818, -0.00392059, -0.0272591, 0.985978, 0.164632, -0.000576444, 0.164677, -0.986347, -0.98029, 0, 0.592699, 0.824917, -0.0319713, 0.564349, -0.113008, 0.968915, 0.220077, -0.553842, -0.245321, 0.795661, -0.0163387, 0, -0.614842, 0.703774, 0.0880085, 0.704952, -0.111779, 0.993655, -0.0124594, -0.701576, -0.07003, 0.709146, 0.913197, 0, -0.252802, -0.49674, -0.0491611, -0.866506, 0.0482142, 0.99529, -0.0841073, 0.866559, -0.0835574, -0.49203, -0.338199, 0, 0.958351, 0.975833, -0.115504, 0.185497, 0.0962275, 0.989286, 0.109784, -0.19619, -0.0892805, 0.976493, 0.542461, 0, 0.556161, 0.376089, -0.0697968, -0.923951, -0.198614, 0.967909, -0.153962, 0.905047, 0.241413, 0.350157, 0.453837, 0, 0.944281, 0.781802, -0.202273, -0.589806, 0.108536, 0.975626, -0.190722, 0.614007, 0.0850915, 0.7847, 0.758214, 0, -0.383736, -0.892744, -0.218588, 0.393988, -0.0922481, 0.944585, 0.315038, -0.441019, 0.244904, -0.863438, 0.492719, 0, -0.819006, 0.138517, 0.162548, 0.976929, -0.110919, 0.982779, -0.147794, -0.984129, -0.0878876, 0.154161, 0.575589, 0, 0.517843, 0.933993, -0.201698, 0.294917, 0.243102, 0.963647, -0.110845, -0.261838, 0.175223, 0.949072, 0.798628, 0, 0.032406, 0.856723, 0.0791626, -0.509666, -0.177677, 0.972966, -0.147542, 0.484208, 0.216959, 0.847627, 0.966913, 0, 0.985351, -0.906703, 0.242999, -0.344732, 0.157495, 0.953294, 0.257733, 0.39126, 0.179394, -0.902626, -0.930534, 0, -0.855761, 0.909363, -0.251661, -0.331249, 0.256071, 0.966159, -0.0310435, 0.327852, -0.0565934, 0.943033, 0.737953, 0, 0.657261, 0.987523, -0.0265228, 0.155225, 0.0396238, 0.995851, -0.0819243, -0.152408, 0.0870527, 0.984476, 0.869735, 0, 0.35313, 0.056094, 0.0325302, 0.997895, -0.29225, 0.956228, -0.0147438, -0.954695, -0.290808, 0.0631457, 0.405429, 0, 0.455727, 0.168573, -0.0310792, 0.985199, -0.108722, 0.992818, 0.0499225, -0.979675, -0.115528, 0.163983, -0.519693, 0, -0.261679, 0.818342, -0.0119451, -0.574608, 0.0683144, 0.994718, 0.0766132, 0.570657, -0.10195, 0.814835, 0.992884, 0, 0.990359, 0.620032, -0.0831025, 0.780163, 0.227451, 0.970711, -0.0773663, -0.750884, 0.225418, 0.620774, 0.0676624, 0, -0.533574, -0.759498, -0.110691, -0.641022, -0.128776, 0.991499, -0.0186331, 0.637635, 0.0683967, -0.767296, 0.0306581, 0, 0.930043, 0.938495, -0.0818899, -0.335441, 0.150811, 0.971124, 0.184862, 0.310617, -0.22408, 0.923745, 0.331242, 0, 0.431632, -0.841667, -0.232268, -0.487491, -0.2171, 0.972143, -0.0883546, 0.494433, 0.0314689, -0.868646, 0.353161, 0, 0.778971, 0.465699, 0.19503, 0.863185, -0.216394, 0.970898, -0.10262, -0.858078, -0.138998, 0.49435, -0.0886229, 0, -0.928076, 0.619898, 0.23164, -0.749713, -0.17996, 0.971937, 0.151501, 0.763767, 0.041003, 0.644188, 0.214239, 0, 0.999527, 0.134806, -0.195462, 0.971402, -0.0501163, 0.977751, 0.203694, -0.989604, -0.0761423, 0.122011, 0.638048, 0, 0.244052, -0.253188, -0.119291, 0.960034, 0.12241, 0.980442, 0.15411, -0.959641, 0.156536, -0.233633, -0.94899, 0, -0.223807, -0.641057, 0.198572, 0.74136, 0.280462, 0.959755, -0.0145512, -0.714414, 0.198595, -0.670949, -0.822622, 0, -0.0501235, -0.969347, -0.132969, -0.206606, -0.108398, 0.986084, -0.126051, 0.220492, -0.0997917, -0.97027, -0.466227, 0, -0.670516, -0.0567824, -0.0292101, -0.997959, -0.208971, 0.977779, -0.0167293, 0.976272, 0.207595, -0.0616247, -0.383687, 0, -0.459722, 0.964171, 0.0903242, 0.249432, -0.114707, 0.989757, 0.084986, -0.239201, -0.110553, 0.964656, -0.695397, 0, 0.447445, -0.259045, -0.212805, 0.942131, -0.266054, 0.953412, 0.1422, -0.928499, -0.213821, -0.303594, -0.0573733, 0, -0.84979, -0.992862, -0.0689209, -0.0973398, -0.0778641, 0.992776, 0.0912814, 0.0903455, 0.0982091, -0.991056, -0.491563, 0, -0.512355, -0.163997, 0.165225, -0.972525, 0.0053543, 0.986008, 0.166613, 0.986446, 0.0221169, -0.162587, 0.257062, 0, 0.719022, 0.993385, -0.101993, 0.0527574, 0.109987, 0.97714, -0.181935, -0.0329953, 0.186534, 0.981894, -0.351609, 0, 0.364988, 0.878052, -0.020018, 0.478146, -0.0717601, 0.982321, 0.172904, -0.473154, -0.18613, 0.861093, -0.834409, 0, 0.740219, 0.659234, 0.0949342, -0.745921, -0.142056, 0.989859, 0.0004334, 0.738398, 0.105677, 0.666034, 0.0965859, 0, 0.976198, 0.960775, -0.0591929, -0.270937, 0.108655, 0.979196, 0.171375, 0.255156, -0.194091, 0.947219, -0.0172796, 0, 0.601428, -0.414992, 0.0510785, 0.90839, -0.132435, 0.984398, -0.115854, -0.900135, -0.168381, -0.401753, -0.913016, 0, 0.158204, 0.982861, -0.019633, -0.183302, -0.000478519, 0.994038, -0.109034, 0.18435, 0.107253, 0.976991, 0.888999, 0, -0.301509, -0.786608, -0.0357635, -0.616417, 0.0156389, 0.996847, -0.0777922, 0.617255, -0.0708321, -0.783568, 0.181178, 0, 0.608807, 0.456085, -0.119537, -0.881871, 0.232262, 0.972583, -0.0117111, 0.859093, -0.199484, 0.471344, 0.738412, 0, 0.0676052, -0.62445, 0.309391, -0.717174, 0.228315, 0.950401, 0.21121, 0.74695, -0.0318512, -0.664117, -0.259713, 0, -0.444739, 0.991463, 0.125274, -0.036167, -0.11486, 0.970389, 0.21249, 0.0617155, -0.206522, 0.976494, 0.62667, 0, 0.47946, 0.197766, 0.0574283, -0.978566, 0.220192, 0.970168, 0.101436, 0.955199, -0.235532, 0.179221, 0.961564, 0, -0.0614068, 0.648554, 0.189986, -0.737078, -0.208606, 0.975638, 0.0679233, 0.732026, 0.109707, 0.672386, 0.536089, 0, 0.96524, 0.127592, 0.00580764, 0.99181, -0.0353768, 0.999373, -0.00130087, -0.991196, -0.0349211, 0.127717, 0.704517, 0, -0.157994, -0.462608, 0.196086, 0.864606, 0.240787, 0.966365, -0.0903303, -0.853238, 0.166399, -0.494263, 0.497338, 0, -0.781324, -0.344673, -0.139485, 0.928302, 0.180752, 0.960532, 0.21144, -0.921157, 0.24067, -0.305857, -0.967447, 0, 0.362573, -0.312408, -0.223327, 0.923323, -0.0355659, 0.974041, 0.22356, -0.949282, 0.0370032, -0.312241, 0.232298, 0, -0.768031, 0.0478306, -0.207897, -0.976981, 0.00575336, 0.978141, -0.207863, 0.998839, 0.00432128, 0.0479812, -0.10663, 0, 0.951155, 0.157469, -0.156966, -0.974969, -0.195725, 0.96274, -0.186609, 0.967933, 0.220211, 0.12088, -0.0217833, 0, 0.708507, 0.543731, -0.0775626, -0.835668, 0.172224, 0.984841, 0.0206498, 0.821399, -0.15515, 0.548847, 0.384592, 0, -0.544372, -0.134513, -0.13876, -0.981148, 0.0749173, 0.985889, -0.149702, 0.988076, -0.0936418, -0.12222, -0.695452, 0, 0.260869, 0.54623, -0.0351888, -0.836896, 0.171186, 0.98272, 0.0704108, 0.819956, -0.181726, 0.542815, -0.796362, 0, -0.880251, -0.73125, 0.188313, 0.6556, 0.103565, 0.980645, -0.166163, -0.674202, -0.0536093, -0.736599, 0.766921, 0, -0.62853 )

[sub_resource type="QuadMesh" id=4]

[sub_resource type="SpatialMaterial" id=5]
params_use_alpha_scissor = true
params_alpha_scissor_threshold = 0.98
albedo_color = Color( 1, 0.960784, 0.890196, 1 )
albedo_texture = ExtResource( 10 )
roughness = 0.6

[node name="table_scene" type="Spatial"]
script = ExtResource( 1 )
path_to_mesh = NodePath("MultiMeshInstance")

[node name="money_piles" type="Spatial" parent="."]

[node name="hand_placed_stacks" type="Spatial" parent="money_piles"]
transform = Transform( 0.940597, 0, 0.339526, 0, 1, 0, -0.339526, 0, 0.940597, -0.306519, 0, 0.684473 )

[node name="money_stack" parent="money_piles/hand_placed_stacks" instance=ExtResource( 2 )]
transform = Transform( 0.42791, 0, 0.903821, 0, 1, 0, -0.903821, 0, 0.42791, -0.0738679, 0, 0.0888935 )

[node name="money_stack3" parent="money_piles/hand_placed_stacks" instance=ExtResource( 2 )]
transform = Transform( 0.998204, 0, -0.0598987, 0, 1, 0, 0.0598987, 0, 0.998204, -0.285148, 0, -0.0920161 )

[node name="money_stack5" parent="money_piles/hand_placed_stacks" instance=ExtResource( 2 )]
transform = Transform( 0.103723, -0.0207485, 0.99439, 0.118354, 0.992936, 0.00837288, -0.987539, 0.116822, 0.105446, -0.209425, 0.00480448, 0.131452 )

[node name="money_stack4" parent="money_piles/hand_placed_stacks" instance=ExtResource( 2 )]
transform = Transform( 0.946531, 0, -0.322613, 0, 1, 0, 0.322613, 0, 0.946531, -0.282939, 0, -0.00096608 )

[node name="money_stack6" parent="money_piles/hand_placed_stacks" instance=ExtResource( 2 )]
transform = Transform( 0.134159, 0, 0.99096, -0.151278, 0.988279, 0.0204805, -0.979345, -0.152658, 0.132587, -0.198077, 0.0360378, -0.000966072 )

[node name="money_stack7" parent="money_piles/hand_placed_stacks" instance=ExtResource( 2 )]
transform = Transform( 0.590457, 0.0838231, 0.802704, -0.167763, 0.985615, 0.0204805, -0.78944, -0.146757, 0.596025, -0.151598, 0.0190581, 0.0171631 )

[node name="money_stack8" parent="money_piles/hand_placed_stacks" instance=ExtResource( 2 )]
transform = Transform( 0.898047, 0.358989, 0.25424, -0.362857, 0.931252, -0.0332256, -0.248689, -0.0624146, 0.96657, -0.201552, 0.0573276, -0.0105742 )

[node name="money_stack2" parent="money_piles/hand_placed_stacks" instance=ExtResource( 2 )]
transform = Transform( 0.682258, -0.0765757, 0.72709, 0.111538, 0.99376, 0, -0.722553, 0.0810984, 0.686542, -0.172123, 0, 0.134338 )

[node name="money_stack9" parent="money_piles/hand_placed_stacks" instance=ExtResource( 2 )]
transform = Transform( 0.508591, 0, -0.861008, 0, 1, 0, 0.861008, 0, 0.508591, -0.368474, 0, -0.0215695 )

[node name="money_stack10" parent="money_piles/hand_placed_stacks" instance=ExtResource( 2 )]
transform = Transform( 0.215902, -0.0242325, -0.976114, 0.111538, 0.99376, 0, 0.970024, -0.108874, 0.217257, -0.351029, 0, -0.128411 )

[node name="hand_placed_stacks2" type="Spatial" parent="money_piles"]
transform = Transform( 0.187364, 0, -0.982291, 0, 1, 0, 0.982291, 0, 0.187364, -0.355231, 0, 0.61252 )

[node name="money_stack" parent="money_piles/hand_placed_stacks2" instance=ExtResource( 2 )]
transform = Transform( 0.42791, 0, 0.903821, 0, 1, 0, -0.903821, 0, 0.42791, -0.0738679, 0, 0.0888935 )

[node name="money_stack3" parent="money_piles/hand_placed_stacks2" instance=ExtResource( 2 )]
transform = Transform( 0.998204, 0, -0.0598987, 0, 1, 0, 0.0598987, 0, 0.998204, -0.285148, 0, -0.0920161 )

[node name="money_stack5" parent="money_piles/hand_placed_stacks2" instance=ExtResource( 2 )]
transform = Transform( 0.103723, -0.0207485, 0.99439, 0.118354, 0.992936, 0.00837288, -0.987539, 0.116822, 0.105446, -0.209425, 0.00480448, 0.131452 )

[node name="money_stack4" parent="money_piles/hand_placed_stacks2" instance=ExtResource( 2 )]
transform = Transform( 0.946531, 0, -0.322613, 0, 1, 0, 0.322613, 0, 0.946531, -0.282939, 0, -0.00096608 )

[node name="money_stack6" parent="money_piles/hand_placed_stacks2" instance=ExtResource( 2 )]
transform = Transform( 0.134159, 0, 0.99096, -0.151278, 0.988279, 0.0204805, -0.979345, -0.152658, 0.132587, -0.198077, 0.0360378, -0.000966072 )

[node name="money_stack7" parent="money_piles/hand_placed_stacks2" instance=ExtResource( 2 )]
transform = Transform( 0.590457, 0.0838231, 0.802704, -0.167763, 0.985615, 0.0204805, -0.78944, -0.146757, 0.596025, -0.151598, 0.0190581, 0.0171631 )

[node name="money_stack8" parent="money_piles/hand_placed_stacks2" instance=ExtResource( 2 )]
transform = Transform( 0.898047, 0.358989, 0.25424, -0.362857, 0.931252, -0.0332256, -0.248689, -0.0624146, 0.96657, -0.201552, 0.0573276, -0.0105742 )

[node name="money_stack2" parent="money_piles/hand_placed_stacks2" instance=ExtResource( 2 )]
transform = Transform( 0.682258, -0.0765757, 0.72709, 0.111538, 0.99376, 0, -0.722553, 0.0810984, 0.686542, -0.172123, 0, 0.134338 )

[node name="money_stack9" parent="money_piles/hand_placed_stacks2" instance=ExtResource( 2 )]
transform = Transform( 0.508591, 0, -0.861008, 0, 1, 0, 0.861008, 0, 0.508591, -0.368474, 0, -0.0215695 )

[node name="money_stack10" parent="money_piles/hand_placed_stacks2" instance=ExtResource( 2 )]
transform = Transform( 0.215902, -0.0242325, -0.976114, 0.111538, 0.99376, 0, 0.970024, -0.108874, 0.217257, -0.351029, 0, -0.128411 )

[node name="hand_placed_stacks3" type="Spatial" parent="money_piles"]
transform = Transform( 0.0457988, 0, -0.998951, 0, 1, 0, 0.998951, 0, 0.0457988, -0.653785, 1.19209e-07, 0.565603 )

[node name="money_stack" parent="money_piles/hand_placed_stacks3" instance=ExtResource( 2 )]
transform = Transform( 0.42791, 0, 0.903821, 0, 1, 0, -0.903821, 0, 0.42791, -0.0738679, 0, 0.0888935 )

[node name="money_stack3" parent="money_piles/hand_placed_stacks3" instance=ExtResource( 2 )]
transform = Transform( 0.998204, 0, -0.0598987, 0, 1, 0, 0.0598987, 0, 0.998204, -0.285148, 0, -0.0920161 )

[node name="money_stack5" parent="money_piles/hand_placed_stacks3" instance=ExtResource( 2 )]
transform = Transform( 0.103723, -0.0207485, 0.99439, 0.118354, 0.992936, 0.00837288, -0.987539, 0.116822, 0.105446, -0.209425, 0.00480448, 0.131452 )

[node name="money_stack4" parent="money_piles/hand_placed_stacks3" instance=ExtResource( 2 )]
transform = Transform( 0.946531, 0, -0.322613, 0, 1, 0, 0.322613, 0, 0.946531, -0.282939, 0, -0.00096608 )

[node name="money_stack6" parent="money_piles/hand_placed_stacks3" instance=ExtResource( 2 )]
transform = Transform( 0.134159, 0, 0.99096, -0.151278, 0.988279, 0.0204805, -0.979345, -0.152658, 0.132587, -0.198077, 0.0360378, -0.000966072 )

[node name="money_stack7" parent="money_piles/hand_placed_stacks3" instance=ExtResource( 2 )]
transform = Transform( 0.590457, 0.0838231, 0.802704, -0.167763, 0.985615, 0.0204805, -0.78944, -0.146757, 0.596025, -0.151598, 0.0190581, 0.0171631 )

[node name="money_stack8" parent="money_piles/hand_placed_stacks3" instance=ExtResource( 2 )]
transform = Transform( 0.898047, 0.358989, 0.25424, -0.362857, 0.931252, -0.0332256, -0.248689, -0.0624146, 0.96657, -0.201552, 0.0573276, -0.0105742 )

[node name="money_stack11" parent="money_piles/hand_placed_stacks3" instance=ExtResource( 2 )]
transform = Transform( 0.898047, 0.358989, 0.25424, -0.362857, 0.931252, -0.0332256, -0.248689, -0.0624146, 0.96657, -0.201552, 0.0573276, -0.0105742 )

[node name="money_stack2" parent="money_piles/hand_placed_stacks3" instance=ExtResource( 2 )]
transform = Transform( 0.682258, -0.0765757, 0.72709, 0.111538, 0.99376, 0, -0.722553, 0.0810984, 0.686542, -0.172123, 0, 0.134338 )

[node name="money_stack9" parent="money_piles/hand_placed_stacks3" instance=ExtResource( 2 )]
transform = Transform( 0.508591, 0, -0.861008, 0, 1, 0, 0.861008, 0, 0.508591, -0.368474, 0, -0.0215695 )

[node name="money_stack10" parent="money_piles/hand_placed_stacks3" instance=ExtResource( 2 )]
transform = Transform( 0.215902, -0.0242325, -0.976114, 0.111538, 0.99376, 0, 0.970024, -0.108874, 0.217257, -0.351029, 0, -0.128411 )

[node name="hand_placed_stacks5" type="Spatial" parent="money_piles"]
transform = Transform( 0.0457987, -4.42378e-09, -0.998951, -0.0810184, 0.996706, -0.00371444, 0.99566, 0.0811035, 0.0456478, -0.501074, 0.056972, 0.70636 )

[node name="money_stack" parent="money_piles/hand_placed_stacks5" instance=ExtResource( 2 )]
transform = Transform( 0.42791, 0, 0.903821, 0, 1, 0, -0.903821, 0, 0.42791, -0.0738679, 0, 0.0888935 )

